120472619	,	3	,	5	,	2021	,	2	,	5	,	7	,	0	,	0	,	2021	,	1	,	2	,	9	,	30	,	0	,	 80.14	,	0	,	Friday	,	12
202369587	,	3	,	5	,	2021	,	2	,	5	,	7	,	0	,	0	,	2021	,	1	,	4	,	9	,	30	,	0	,	 80.14	,	1
172683599	,	3	,	5	,	2021	,	2	,	5	,	7	,	0	,	0	,	2021	,	1	,	6	,	9	,	30	,	0	,	 80.14	,	1
226994546	,	3	,	5	,	2021	,	2	,	5	,	7	,	0	,	0	,	2021	,	1	,	8	,	9	,	30	,	0	,	 80.14	,	1
159411181	,	3	,	5	,	2021	,	2	,	5	,	7	,	0	,	0	,	2021	,	1	,	10	,	9	,	30	,	0	,	 80.14	,	1
214728897	,	3	,	5	,	2021	,	2	,	5	,	7	,	0	,	0	,	2021	,	1	,	12	,	9	,	30	,	0	,	 80.14	,	1
197643060	,	3	,	5	,	2021	,	2	,	5	,	7	,	0	,	0	,	2021	,	1	,	14	,	9	,	30	,	0	,	 80.14	,	1
202369587	,	3	,	5	,	2021	,	2	,	5	,	7	,	0	,	0	,	2021	,	1	,	16	,	9	,	30	,	0	,	 80.14	,	1
177427930	,	3	,	5	,	2021	,	2	,	5	,	7	,	0	,	0	,	2021	,	1	,	18	,	9	,	30	,	0	,	 80.14	,	1
205584306	,	3	,	5	,	2021	,	2	,	5	,	7	,	0	,	0	,	2021	,	1	,	20	,	9	,	30	,	0	,	 80.14	,	1
195448731	,	3	,	5	,	2021	,	2	,	5	,	7	,	0	,	0	,	2021	,	1	,	22	,	9	,	30	,	0	,	 80.14	,	1
148482627	,	3	,	5	,	2021	,	2	,	5	,	7	,	0	,	0	,	2021	,	1	,	24	,	9	,	30	,	0	,	 80.14	,	1
118588800	,	3	,	5	,	2021	,	2	,	5	,	7	,	0	,	0	,	2021	,	1	,	26	,	9	,	30	,	0	,	 80.14	,	1
209895071	,	3	,	5	,	2021	,	2	,	5	,	7	,	0	,	0	,	2021	,	1	,	28	,	9	,	30	,	0	,	 80.14	,	2
255311931	,	3	,	5	,	2021	,	2	,	5	,	7	,	0	,	0	,	2021	,	1	,	28	,	11	,	30	,	0	,	 80.14	,	2
148848184	,	3	,	5	,	2021	,	2	,	5	,	7	,	0	,	0	,	2021	,	1	,	28	,	13	,	30	,	0	,	 80.14	,	2
132629844	,	3	,	5	,	2021	,	2	,	5	,	7	,	0	,	0	,	2021	,	1	,	28	,	15	,	30	,	0	,	 80.14	,	2
256627959	,	8	,	1	,	2021	,	3	,	4	,	6	,	0	,	0	,	2021	,	2	,	1	,	10	,	10	,	0	,	 65.98	,	1	,	Thursday	,	9
209895071	,	8	,	1	,	2021	,	3	,	4	,	6	,	0	,	0	,	2021	,	2	,	3	,	10	,	10	,	0	,	 65.98	,	1
197113087	,	8	,	1	,	2021	,	3	,	4	,	6	,	0	,	0	,	2021	,	2	,	5	,	10	,	10	,	0	,	 65.98	,	1
129731617	,	8	,	1	,	2021	,	3	,	4	,	6	,	0	,	0	,	2021	,	2	,	7	,	10	,	10	,	0	,	 65.98	,	0
202369587	,	8	,	1	,	2021	,	3	,	4	,	6	,	0	,	0	,	2021	,	2	,	9	,	10	,	10	,	0	,	 65.98	,	1
132629844	,	8	,	1	,	2021	,	3	,	4	,	6	,	0	,	0	,	2021	,	2	,	11	,	10	,	10	,	0	,	 65.98	,	1
192388401	,	8	,	1	,	2021	,	3	,	4	,	6	,	0	,	0	,	2021	,	2	,	13	,	10	,	10	,	0	,	 65.98	,	1
203811216	,	8	,	1	,	2021	,	3	,	4	,	6	,	0	,	0	,	2021	,	2	,	15	,	10	,	10	,	0	,	 65.98	,	1
204896665	,	8	,	1	,	2021	,	3	,	4	,	6	,	0	,	0	,	2021	,	2	,	17	,	10	,	10	,	0	,	 65.98	,	1
198486650	,	8	,	1	,	2021	,	3	,	4	,	6	,	0	,	0	,	2021	,	2	,	19	,	10	,	10	,	0	,	 65.98	,	1
269364439	,	8	,	1	,	2021	,	3	,	4	,	6	,	0	,	0	,	2021	,	2	,	21	,	10	,	10	,	0	,	 65.98	,	0
108491510	,	8	,	1	,	2021	,	3	,	4	,	6	,	0	,	0	,	2021	,	2	,	23	,	10	,	10	,	0	,	 65.98	,	2
209208325	,	8	,	1	,	2021	,	3	,	4	,	6	,	0	,	0	,	2021	,	2	,	25	,	11	,	10	,	0	,	 65.98	,	2
118588800	,	8	,	1	,	2021	,	3	,	4	,	6	,	0	,	0	,	2021	,	2	,	25	,	12	,	10	,	0	,	 65.98	,	2
222198052	,	8	,	1	,	2021	,	3	,	4	,	6	,	0	,	0	,	2021	,	2	,	25	,	13	,	10	,	0	,	 65.98	,	2
209895071	,	1	,	1	,	2021	,	3	,	8	,	10	,	0	,	0	,	2021	,	2	,	25	,	14	,	0	,	0	,	 138.47	,	1	,	Monday	,	10
209895071	,	2	,	1	,	2021	,	3	,	15	,	6	,	0	,	0	,	2021	,	2	,	25	,	15	,	0	,	0	,	 107.94	,	1	,	Monday	,	10
209895071	,	10	,	2	,	2021	,	3	,	21	,	6	,	0	,	0	,	2021	,	2	,	25	,	16	,	30	,	0	,	 126.79	,	1	,	Sunday	,	10
209895071	,	15	,	3	,	2021	,	3	,	28	,	21	,	0	,	0	,	2021	,	2	,	25	,	16	,	45	,	0	,	 230.75	,	1	,	Sunday	,	17
209895071	,	18	,	3	,	2021	,	4	,	10	,	11	,	0	,	0	,	2021	,	3	,	2	,	9	,	30	,	0	,	781.73	,	1	,	Saturday	,	12
100673392	,	18	,	3	,	2021	,	4	,	10	,	11	,	0	,	0	,	2021	,	3	,	4	,	9	,	30	,	10	,	781.73	,	1
255311931	,	18	,	3	,	2021	,	4	,	10	,	11	,	0	,	0	,	2021	,	3	,	6	,	9	,	30	,	0	,	781.73	,	1
146561643	,	18	,	3	,	2021	,	4	,	10	,	11	,	0	,	0	,	2021	,	3	,	8	,	9	,	30	,	30	,	781.73	,	1
189804769	,	18	,	3	,	2021	,	4	,	10	,	11	,	0	,	0	,	2021	,	3	,	10	,	9	,	30	,	0	,	781.73	,	1
123559456	,	18	,	3	,	2021	,	4	,	10	,	11	,	0	,	0	,	2021	,	3	,	12	,	9	,	30	,	45	,	781.73	,	1
159411181	,	18	,	3	,	2021	,	4	,	10	,	11	,	0	,	0	,	2021	,	3	,	14	,	9	,	30	,	0	,	781.73	,	1
114714711	,	18	,	3	,	2021	,	4	,	10	,	11	,	0	,	0	,	2021	,	3	,	16	,	9	,	30	,	0	,	781.73	,	1
269364439	,	18	,	3	,	2021	,	4	,	10	,	11	,	0	,	0	,	2021	,	3	,	18	,	9	,	30	,	50	,	781.73	,	1
150993897	,	18	,	3	,	2021	,	4	,	10	,	11	,	0	,	0	,	2021	,	3	,	20	,	9	,	30	,	0	,	781.73	,	1
278542786	,	18	,	3	,	2021	,	4	,	10	,	11	,	0	,	0	,	2021	,	3	,	22	,	9	,	30	,	20	,	781.73	,	1
202369587	,	18	,	3	,	2021	,	4	,	10	,	11	,	0	,	0	,	2021	,	3	,	24	,	9	,	30	,	0	,	781.73	,	1
276822641	,	18	,	3	,	2021	,	4	,	10	,	11	,	0	,	0	,	2021	,	3	,	25	,	9	,	30	,	10	,	781.73	,	2
133604934	,	18	,	3	,	2021	,	4	,	10	,	11	,	0	,	0	,	2021	,	3	,	25	,	9	,	30	,	20	,	781.73	,	2
204439833	,	18	,	3	,	2021	,	4	,	10	,	11	,	0	,	0	,	2021	,	3	,	25	,	9	,	30	,	30	,	781.73	,	2
159482933	,	18	,	3	,	2021	,	4	,	10	,	11	,	0	,	0	,	2021	,	3	,	25	,	9	,	30	,	40	,	781.73	,	2
209895071	,	17	,	7	,	2021	,	4	,	4	,	23	,	30	,	0	,	2021	,	3	,	25	,	10	,	30	,	0	,	345.97	,	1	,	Sunday	,	12
188257861	,	17	,	7	,	2021	,	4	,	4	,	23	,	30	,	0	,	2021	,	3	,	25	,	11	,	45	,	30	,	345.97	,	1
255057733	,	16	,	4	,	2021	,	5	,	2	,	14	,	0	,	0	,	2021	,	4	,	1	,	11	,	15	,	0	,	 234.8	,	1	,	Sunday	,	17
240319699	,	16	,	4	,	2021	,	5	,	2	,	14	,	0	,	0	,	2021	,	4	,	2	,	11	,	15	,	10	,	 234.8	,	1
209895071	,	16	,	4	,	2021	,	5	,	2	,	14	,	0	,	0	,	2021	,	4	,	3	,	11	,	15	,	20	,	 234.8	,	1
164974091	,	16	,	4	,	2021	,	5	,	2	,	14	,	0	,	0	,	2021	,	4	,	4	,	11	,	15	,	30	,	 234.8	,	1
101230664	,	16	,	4	,	2021	,	5	,	2	,	14	,	0	,	0	,	2021	,	4	,	5	,	11	,	15	,	40	,	 234.8	,	0
220329419	,	16	,	4	,	2021	,	5	,	2	,	14	,	0	,	0	,	2021	,	4	,	6	,	11	,	15	,	50	,	 234.8	,	1
218452276	,	16	,	4	,	2021	,	5	,	2	,	14	,	0	,	0	,	2021	,	4	,	7	,	11	,	15	,	0	,	 234.8	,	1
184150035	,	16	,	4	,	2021	,	5	,	2	,	14	,	0	,	0	,	2021	,	4	,	8	,	11	,	15	,	10	,	 234.8	,	1
185068510	,	16	,	4	,	2021	,	5	,	2	,	14	,	0	,	0	,	2021	,	4	,	9	,	11	,	15	,	20	,	 234.8	,	1
145244628	,	16	,	4	,	2021	,	5	,	2	,	14	,	0	,	0	,	2021	,	4	,	10	,	11	,	15	,	30	,	 234.8	,	1
194253333	,	16	,	4	,	2021	,	5	,	2	,	14	,	0	,	0	,	2021	,	4	,	11	,	11	,	15	,	40	,	 234.8	,	1
262760525	,	16	,	4	,	2021	,	5	,	2	,	14	,	0	,	0	,	2021	,	4	,	12	,	11	,	15	,	50	,	 234.8	,	1
204806992	,	16	,	4	,	2021	,	5	,	2	,	14	,	0	,	0	,	2021	,	4	,	13	,	11	,	15	,	0	,	 234.8	,	1
229545556	,	16	,	4	,	2021	,	5	,	2	,	14	,	0	,	0	,	2021	,	4	,	14	,	11	,	15	,	10	,	 234.8	,	1
223128171	,	16	,	4	,	2021	,	5	,	2	,	14	,	0	,	0	,	2021	,	4	,	15	,	11	,	15	,	20	,	 234.8	,	1
153218789	,	16	,	4	,	2021	,	5	,	2	,	14	,	0	,	0	,	2021	,	4	,	16	,	11	,	15	,	30	,	 234.8	,	1
222198052	,	16	,	4	,	2021	,	5	,	2	,	14	,	0	,	0	,	2021	,	4	,	17	,	11	,	15	,	40	,	 234.8	,	1
216764793	,	16	,	4	,	2021	,	5	,	2	,	14	,	0	,	0	,	2021	,	4	,	18	,	11	,	15	,	50	,	 234.8	,	1
222779314	,	16	,	4	,	2021	,	5	,	2	,	14	,	0	,	0	,	2021	,	4	,	19	,	8	,	15	,	0	,	 234.8	,	2
202369587	,	16	,	4	,	2021	,	5	,	2	,	14	,	0	,	0	,	2021	,	4	,	20	,	9	,	15	,	10	,	 234.8	,	2
202369587	,	16	,	4	,	2021	,	5	,	2	,	14	,	0	,	0	,	2021	,	4	,	21	,	10	,	15	,	20	,	 234.8	,	2
900900900	,	16	,	4	,	2021	,	5	,	2	,	14	,	0	,	0	,	2021	,	4	,	22	,	9	,	0	,	0	,	234.8	,	2
209895071	,	2	,	1	,	2021	,	5	,	3	,	6	,	0	,	0	,	2021	,	4	,	22	,	10	,	0	,	0	,	 107.94	,	1	,	Monday	,	10
209895071	,	3	,	5	,	2021	,	5	,	7	,	7	,	0	,	0	,	2021	,	4	,	22	,	11	,	0	,	0	,	 80.14	,	1	,	Friday	,	12
209895071	,	1	,	1	,	2021	,	5	,	17	,	10	,	0	,	0	,	2021	,	4	,	22	,	12	,	0	,	0	,	 138.47	,	1	,	Monday	,	10	,
120472619	,	3	,	5	,	2022	,	2	,	4	,	7	,	0	,	0	,	2021	,	5	,	2	,	9	,	30	,	0	,	 80.14	,	0	,	Friday	,	12	,
255311931	,	3	,	5	,	2022	,	2	,	4	,	7	,	0	,	0	,	2021	,	5	,	4	,	9	,	30	,	0	,	 80.14	,	1
172683599	,	3	,	5	,	2022	,	2	,	4	,	7	,	0	,	0	,	2021	,	5	,	6	,	9	,	30	,	0	,	 80.14	,	1
226994546	,	3	,	5	,	2022	,	2	,	4	,	7	,	0	,	0	,	2021	,	5	,	8	,	9	,	30	,	0	,	 80.14	,	1
159411181	,	3	,	5	,	2022	,	2	,	4	,	7	,	0	,	0	,	2021	,	5	,	10	,	9	,	30	,	0	,	 80.14	,	1
214728897	,	3	,	5	,	2022	,	2	,	4	,	7	,	0	,	0	,	2021	,	5	,	12	,	9	,	30	,	0	,	 80.14	,	1
197643060	,	3	,	5	,	2022	,	2	,	4	,	7	,	0	,	0	,	2021	,	5	,	14	,	9	,	30	,	0	,	 80.14	,	1
202369587	,	3	,	5	,	2022	,	2	,	4	,	7	,	0	,	0	,	2021	,	5	,	16	,	9	,	30	,	0	,	 80.14	,	1
177427930	,	3	,	5	,	2022	,	2	,	4	,	7	,	0	,	0	,	2021	,	5	,	18	,	9	,	30	,	0	,	 80.14	,	1
205584306	,	3	,	5	,	2022	,	2	,	4	,	7	,	0	,	0	,	2021	,	5	,	20	,	9	,	30	,	0	,	 80.14	,	1
195448731	,	3	,	5	,	2022	,	2	,	4	,	7	,	0	,	0	,	2021	,	5	,	22	,	9	,	30	,	0	,	 80.14	,	1
148482627	,	3	,	5	,	2022	,	2	,	4	,	7	,	0	,	0	,	2021	,	5	,	24	,	9	,	30	,	0	,	 80.14	,	1
118588800	,	3	,	5	,	2022	,	2	,	4	,	7	,	0	,	0	,	2021	,	5	,	26	,	9	,	30	,	0	,	 80.14	,	1
209895071	,	3	,	5	,	2022	,	2	,	4	,	7	,	0	,	0	,	2021	,	5	,	28	,	9	,	30	,	0	,	 80.14	,	2
202369587	,	3	,	5	,	2022	,	2	,	4	,	7	,	0	,	0	,	2021	,	5	,	28	,	11	,	30	,	0	,	 80.14	,	2
148848184	,	3	,	5	,	2022	,	2	,	4	,	7	,	0	,	0	,	2021	,	5	,	28	,	13	,	30	,	0	,	 80.14	,	2
132629844	,	3	,	5	,	2022	,	2	,	4	,	7	,	0	,	0	,	2021	,	5	,	28	,	15	,	30	,	0	,	 80.14	,	2
256627959	,	8	,	1	,	2022	,	3	,	3	,	6	,	0	,	0	,	2021	,	6	,	1	,	10	,	10	,	0	,	 65.98	,	1	,	Thursday	,	9
209895071	,	8	,	1	,	2022	,	3	,	3	,	6	,	0	,	0	,	2021	,	6	,	3	,	10	,	10	,	0	,	 65.98	,	1
197113087	,	8	,	1	,	2022	,	3	,	3	,	6	,	0	,	0	,	2021	,	6	,	5	,	10	,	10	,	0	,	 65.98	,	1
129731617	,	8	,	1	,	2022	,	3	,	3	,	6	,	0	,	0	,	2021	,	6	,	7	,	10	,	10	,	0	,	 65.98	,	0
202369587	,	8	,	1	,	2022	,	3	,	3	,	6	,	0	,	0	,	2021	,	6	,	9	,	10	,	10	,	0	,	 65.98	,	1
132629844	,	8	,	1	,	2022	,	3	,	3	,	6	,	0	,	0	,	2021	,	6	,	11	,	10	,	10	,	0	,	 65.98	,	1
192388401	,	8	,	1	,	2022	,	3	,	3	,	6	,	0	,	0	,	2021	,	6	,	13	,	10	,	10	,	0	,	 65.98	,	1
203811216	,	8	,	1	,	2022	,	3	,	3	,	6	,	0	,	0	,	2021	,	6	,	15	,	10	,	10	,	0	,	 65.98	,	1
204896665	,	8	,	1	,	2022	,	3	,	3	,	6	,	0	,	0	,	2021	,	6	,	17	,	10	,	10	,	0	,	 65.98	,	1
198486650	,	8	,	1	,	2022	,	3	,	3	,	6	,	0	,	0	,	2021	,	6	,	19	,	10	,	10	,	0	,	 65.98	,	1
269364439	,	8	,	1	,	2022	,	3	,	3	,	6	,	0	,	0	,	2021	,	6	,	21	,	10	,	10	,	0	,	 65.98	,	0
108491510	,	8	,	1	,	2022	,	3	,	3	,	6	,	0	,	0	,	2021	,	6	,	23	,	10	,	10	,	0	,	 65.98	,	2
209208325	,	8	,	1	,	2022	,	3	,	3	,	6	,	0	,	0	,	2021	,	6	,	25	,	11	,	10	,	0	,	 65.98	,	2
118588800	,	8	,	1	,	2022	,	3	,	3	,	6	,	0	,	0	,	2021	,	6	,	25	,	12	,	10	,	0	,	 65.98	,	2
222198052	,	8	,	1	,	2022	,	3	,	3	,	6	,	0	,	0	,	2021	,	6	,	25	,	13	,	10	,	0	,	 65.98	,	2
209895071	,	1	,	1	,	2022	,	3	,	7	,	10	,	0	,	0	,	2021	,	6	,	25	,	14	,	0	,	0	,	 138.47	,	1	,	Monday	,	10
209895071	,	2	,	1	,	2022	,	3	,	14	,	6	,	0	,	0	,	2021	,	6	,	25	,	15	,	0	,	0	,	 107.94	,	1	,	Monday	,	10
209895071	,	10	,	2	,	2022	,	3	,	20	,	6	,	0	,	0	,	2021	,	6	,	25	,	16	,	30	,	0	,	 126.79	,	1	,	Sunday	,	10
209895071	,	15	,	3	,	2022	,	3	,	27	,	21	,	0	,	0	,	2021	,	6	,	25	,	16	,	45	,	0	,	 230.75	,	1	,	Sunday	,	17
204439833	,	18	,	3	,	2022	,	4	,	9	,	11	,	0	,	0	,	2021	,	7	,	2	,	9	,	30	,	0	,	781.73	,	1	,	Saturday	,	12
100673392	,	18	,	3	,	2022	,	4	,	9	,	11	,	0	,	0	,	2021	,	7	,	4	,	9	,	30	,	10	,	781.73	,	1
255311931	,	18	,	3	,	2022	,	4	,	9	,	11	,	0	,	0	,	2021	,	7	,	6	,	9	,	30	,	0	,	781.73	,	1
146561643	,	18	,	3	,	2022	,	4	,	9	,	11	,	0	,	0	,	2021	,	7	,	8	,	9	,	30	,	30	,	781.73	,	1
189804769	,	18	,	3	,	2022	,	4	,	9	,	11	,	0	,	0	,	2021	,	7	,	10	,	9	,	30	,	0	,	781.73	,	1
123559456	,	18	,	3	,	2022	,	4	,	9	,	11	,	0	,	0	,	2021	,	7	,	12	,	9	,	30	,	45	,	781.73	,	1
159411181	,	18	,	3	,	2022	,	4	,	9	,	11	,	0	,	0	,	2021	,	7	,	14	,	9	,	30	,	0	,	781.73	,	1
114714711	,	18	,	3	,	2022	,	4	,	9	,	11	,	0	,	0	,	2021	,	7	,	16	,	9	,	30	,	0	,	781.73	,	1
269364439	,	18	,	3	,	2022	,	4	,	9	,	11	,	0	,	0	,	2021	,	7	,	18	,	9	,	30	,	50	,	781.73	,	1
150993897	,	18	,	3	,	2022	,	4	,	9	,	11	,	0	,	0	,	2021	,	7	,	20	,	9	,	30	,	0	,	781.73	,	1
278542786	,	18	,	3	,	2022	,	4	,	9	,	11	,	0	,	0	,	2021	,	7	,	22	,	9	,	30	,	20	,	781.73	,	1
202369587	,	18	,	3	,	2022	,	4	,	9	,	11	,	0	,	0	,	2021	,	7	,	24	,	9	,	30	,	0	,	781.73	,	1
276822641	,	18	,	3	,	2022	,	4	,	9	,	11	,	0	,	0	,	2021	,	7	,	25	,	9	,	30	,	10	,	781.73	,	2
133604934	,	18	,	3	,	2022	,	4	,	9	,	11	,	0	,	0	,	2021	,	7	,	25	,	9	,	30	,	20	,	781.73	,	2
209895071	,	18	,	3	,	2022	,	4	,	9	,	11	,	0	,	0	,	2021	,	7	,	25	,	9	,	30	,	30	,	781.73	,	2
159482933	,	18	,	3	,	2022	,	4	,	9	,	11	,	0	,	0	,	2021	,	7	,	25	,	9	,	30	,	40	,	781.73	,	2
209895071	,	17	,	7	,	2022	,	4	,	3	,	23	,	30	,	0	,	2021	,	7	,	25	,	10	,	30	,	0	,	345.97	,	1	,	Sunday	,	12
188257861	,	17	,	7	,	2022	,	4	,	3	,	23	,	30	,	0	,	2021	,	7	,	25	,	11	,	45	,	30	,	345.97	,	1
255057733	,	16	,	4	,	2022	,	5	,	1	,	14	,	0	,	0	,	2021	,	8	,	1	,	11	,	15	,	0	,	 234.8	,	1	,	Sunday	,	17
240319699	,	16	,	4	,	2022	,	5	,	1	,	14	,	0	,	0	,	2021	,	8	,	2	,	11	,	15	,	10	,	 234.8	,	1
100673392	,	16	,	4	,	2022	,	5	,	1	,	14	,	0	,	0	,	2021	,	8	,	3	,	11	,	15	,	20	,	 234.8	,	1
164974091	,	16	,	4	,	2022	,	5	,	1	,	14	,	0	,	0	,	2021	,	8	,	4	,	11	,	15	,	30	,	 234.8	,	1
101230664	,	16	,	4	,	2022	,	5	,	1	,	14	,	0	,	0	,	2021	,	8	,	5	,	11	,	15	,	40	,	 234.8	,	0
220329419	,	16	,	4	,	2022	,	5	,	1	,	14	,	0	,	0	,	2021	,	8	,	6	,	11	,	15	,	50	,	 234.8	,	1
218452276	,	16	,	4	,	2022	,	5	,	1	,	14	,	0	,	0	,	2021	,	8	,	7	,	11	,	15	,	0	,	 234.8	,	1
184150035	,	16	,	4	,	2022	,	5	,	1	,	14	,	0	,	0	,	2021	,	8	,	8	,	11	,	15	,	10	,	 234.8	,	1
185068510	,	16	,	4	,	2022	,	5	,	1	,	14	,	0	,	0	,	2021	,	8	,	9	,	11	,	15	,	20	,	 234.8	,	1
145244628	,	16	,	4	,	2022	,	5	,	1	,	14	,	0	,	0	,	2021	,	8	,	10	,	11	,	15	,	30	,	 234.8	,	1
194253333	,	16	,	4	,	2022	,	5	,	1	,	14	,	0	,	0	,	2021	,	8	,	11	,	11	,	15	,	40	,	 234.8	,	1
262760525	,	16	,	4	,	2022	,	5	,	1	,	14	,	0	,	0	,	2021	,	8	,	12	,	11	,	15	,	50	,	 234.8	,	1
204806992	,	16	,	4	,	2022	,	5	,	1	,	14	,	0	,	0	,	2021	,	8	,	13	,	11	,	15	,	0	,	 234.8	,	1
229545556	,	16	,	4	,	2022	,	5	,	1	,	14	,	0	,	0	,	2021	,	8	,	14	,	11	,	15	,	10	,	 234.8	,	1
223128171	,	16	,	4	,	2022	,	5	,	1	,	14	,	0	,	0	,	2021	,	8	,	15	,	11	,	15	,	20	,	 234.8	,	1
153218789	,	16	,	4	,	2022	,	5	,	1	,	14	,	0	,	0	,	2021	,	8	,	16	,	11	,	15	,	30	,	 234.8	,	1
222198052	,	16	,	4	,	2022	,	5	,	1	,	14	,	0	,	0	,	2021	,	8	,	17	,	11	,	15	,	40	,	 234.8	,	1
216764793	,	16	,	4	,	2022	,	5	,	1	,	14	,	0	,	0	,	2021	,	8	,	18	,	11	,	15	,	50	,	 234.8	,	1
222779314	,	16	,	4	,	2022	,	5	,	1	,	14	,	0	,	0	,	2021	,	8	,	19	,	8	,	15	,	0	,	 234.8	,	2
202369587	,	16	,	4	,	2022	,	5	,	1	,	14	,	0	,	0	,	2021	,	8	,	20	,	9	,	15	,	10	,	 234.8	,	2
202369587	,	16	,	4	,	2022	,	5	,	1	,	14	,	0	,	0	,	2021	,	8	,	21	,	10	,	15	,	20	,	 234.8	,	2
209895071	,	16	,	4	,	2022	,	5	,	1	,	14	,	0	,	0	,	2021	,	8	,	22	,	9	,	0	,	0	,	234.8	,	2
209895071	,	2	,	1	,	2022	,	5	,	2	,	6	,	0	,	0	,	2021	,	8	,	22	,	10	,	0	,	0	,	 107.94	,	1	,	Monday	,	10
209895071	,	3	,	5	,	2022	,	5	,	6	,	7	,	0	,	0	,	2021	,	8	,	22	,	11	,	0	,	0	,	 80.14	,	1	,	Friday	,	12
209895071	,	1	,	1	,	2022	,	5	,	16	,	10	,	0	,	0	,	2021	,	8	,	22	,	12	,	0	,	0	,	 138.47	,	1	,	Monday	,	10	,HOJE
